Vol: 87857.91 mm3, Weight: 8785791.00314 kg
Vol_star: 2440.49750 PL/sigma
Vol_fraction: 33.895799%
Compliance: 592.84 mJ
Max section: 70.359 mm2
Optimization time: 0.19 seconds
